151
190
144
115
191
166
124
172
121
179
128
177
131
171
152
100
190
153
189
147
193
173
177
166
169
178
171
148
101
132
195
175
181
162
170
126
126
191
145
136
173
110
120
179
153
143
149
141
179
115
139
169
173
147
1000398
1000422
129
171
116
117
133
161
193
133
130
116
113
130
111
110
118
141
186
119
183
181
106
168
165
167
160
187
142
168
101
132
108
185
188
191
183
121
151
171
109
184
115
137
146
108
176
163
187
131
176
156
148
103
106
106
178
189
177
189
147
182
134
155
101
175
192
180
140
115
174
119
194
101
187
179
114
175
103
165
145
112
102
103
100009232323223
1000316
139
152
102
178
162
115
171
106
171
197
117
144
195
116
127
147
115
103
104
102
177
177
197
173
172
121
196
116
169
104
178
164
115
151
187
117
102
162
121
186
102
112
118
168
114
148
163
115
199
167
127
124
175
120
114
172
149
155
107
134
149
152
10000000035235523
353252353523525
2525454262
5325252
25552352
25252
755
68586
97696
585556
880
0
896
6
567647463
241
4335
65
457
75
685
6856
89
89679
655
4335
2525235
46576585
85679
6
97896796
857457573
63642
22352352356
57576586586
987697967
965457456363
5252141432543645686
65969564576345
235223523532
322141
421421
421
43543647457
65865879
7697
89
658574563623
21411
243253546457
57658
65876
97
989
6745745654
636346423
